[gd_scene load_steps=5 format=2]

[ext_resource path="res://addons/polymorph/drag3d/objects/button3d.tscn" type="PackedScene" id=1]
[ext_resource path="res://addons/polymorph/drag3d/scripts/drag3d.gd" type="Script" id=2]

[sub_resource type="ProceduralSky" id=1]

[sub_resource type="Environment" id=2]
background_mode = 3
background_sky = SubResource( 1 )
background_color = Color( 0.419608, 0.419608, 0.419608, 1 )

[node name="drag3d" type="Spatial"]
script = ExtResource( 2 )

[node name="cam_pivot" type="Spatial" parent="."]
transform = Transform( 0.737148, 0, 0.675732, 0, 1, 0, -0.675732, 0, 0.737148, 0, 0, 0 )

[node name="cam" type="Camera" parent="cam_pivot"]
transform = Transform( 1, 0, 2.98023e-08, 0, 0.835462, 0.549548, 0, -0.549548, 0.835462, 0.667284, 7.09683, 8.66717 )
fov = 35.0

[node name="button3d0" parent="." instance=ExtResource( 1 )]

[node name="button3d1" parent="." instance=ExtResource( 1 )]
transform = Transform( 0.89007, 0.455825, 1.35846e-08, -0.390685, 0.762875, -0.515158, -0.234822, 0.458526, 0.857095, -6, 0, 0 )

[node name="button3d2" parent="." instance=ExtResource( 1 )]
transform = Transform( 2.14523, 0, 0, 0, 2.14523, 0, 0, 0, 2.14523, 0, 0, -5 )
shape = 1

[node name="button3d3" parent="." instance=ExtResource( 1 )]
transform = Transform( 0.313213, 0, 0, 0, 0.313213, 0, 0, 0, 0.313213, 3.97986, 0, -5 )
shape = 1

[node name="debug" type="Spatial" parent="."]

[node name="ui" type="Node2D" parent="."]
position = Vector2( 16, 16 )

[node name="info" type="Label" parent="ui"]
margin_right = 40.0
margin_bottom = 14.0
__meta__ = {
"_edit_use_anchors_": false
}

[node name="env" type="WorldEnvironment" parent="."]
environment = SubResource( 2 )
